<Veclength>  5
<NumMixture> 256
<Mixture_0_MEAN>
0.2398816347 -0.8446183801 0.3314000964 0.0677139163 0.4185937047 
<Mixture_1_MEAN>
0.2713869214 -0.8395906091 0.3536734879 0.0767865479 0.4311538041 
<Mixture_2_MEAN>
0.2849326730 -0.8296493888 0.3659906387 0.1200916171 0.5483216643 
<Mixture_3_MEAN>
0.3111594021 -0.8322263956 0.3810391426 0.1028782949 0.4898957014 
<Mixture_4_MEAN>
0.2656418681 -0.8153193593 0.3545251787 0.1939784139 0.6877936721 
<Mixture_5_MEAN>
0.3046511114 -0.8092971444 0.3828524053 0.2113482356 0.6741970181 
<Mixture_6_MEAN>
0.3541612327 -0.8131983876 0.4138576090 0.1925031543 0.6097080708 
<Mixture_7_MEAN>
0.3685510755 -0.8155860305 0.4213587344 0.1831739843 0.5912068486 
<Mixture_8_MEAN>
0.2730972469 -0.7882009745 0.3609488010 0.3123136461 0.8957892656 
<Mixture_9_MEAN>
0.3122874498 -0.7802887559 0.3883713484 0.3322385848 0.8577308655 
<Mixture_10_MEAN>
0.3498048186 -0.7799139619 0.4156239629 0.3463305533 0.7934924364 
<Mixture_11_MEAN>
0.3662500381 -0.7735400796 0.4256861210 0.3732905090 0.8609321713 
<Mixture_12_MEAN>
0.4322792888 -0.8050710559 0.4610029757 0.2389347553 0.6375915408 
<Mixture_13_MEAN>
0.4218658209 -0.7803423405 0.4576240778 0.3551746011 0.8021548390 
<Mixture_14_MEAN>
0.5092377663 -0.7956218123 0.5015398264 0.2974980175 0.6712111831 
<Mixture_15_MEAN>
0.4792851508 -0.7626459002 0.4903787076 0.4502404928 0.9071818590 
<Mixture_16_MEAN>
0.2675143480 -0.7536277771 0.3541530669 0.4513863623 1.6708697081 
<Mixture_17_MEAN>
0.3166550100 -0.7187680602 0.3933326304 0.6003848910 1.4268027544 
<Mixture_18_MEAN>
0.3694408536 -0.7412760258 0.4284673035 0.5223907232 0.9899901748 
<Mixture_19_MEAN>
0.3859852552 -0.7298790216 0.4360124171 0.5420718789 1.5074697733 
<Mixture_20_MEAN>
0.4454208612 -0.7303347588 0.4738543034 0.5950487852 1.0255939960 
<Mixture_21_MEAN>
0.4537810087 -0.7227426767 0.4777263105 0.6172285676 1.2597857714 
<Mixture_22_MEAN>
0.4355295002 -0.6930086017 0.4714938700 0.7699683309 1.3136466742 
<Mixture_23_MEAN>
0.4599353969 -0.6871805191 0.4808442295 0.7550123930 1.8241412640 
<Mixture_24_MEAN>
0.6098925471 -0.7836309075 0.5466431379 0.3808191121 0.7370847464 
<Mixture_25_MEAN>
0.7339938283 -0.7809650898 0.5899214745 0.4206263125 0.7269420624 
<Mixture_26_MEAN>
0.7315392494 -0.7552869320 0.5937773585 0.5572420955 0.9497060180 
<Mixture_27_MEAN>
0.9081304073 -0.7611442804 0.6394197345 0.5565884709 0.8203904033 
<Mixture_28_MEAN>
0.5567978621 -0.7342620492 0.5279144645 0.6041746736 1.0628826618 
<Mixture_29_MEAN>
0.6290232539 -0.7294131517 0.5578778982 0.6467709541 1.1581857204 
<Mixture_30_MEAN>
0.6152799129 -0.7070802450 0.5544615388 0.7612880468 1.1809633970 
<Mixture_31_MEAN>
0.7695474625 -0.7109935284 0.6074776649 0.7956153154 1.1494665146 
<Mixture_32_MEAN>
0.5402421355 -0.6581787467 0.5212016106 0.9641695023 1.5450314283 
<Mixture_33_MEAN>
0.5759491920 -0.6580265164 0.5355294943 0.9384382367 2.0184953213 
<Mixture_34_MEAN>
0.6563400030 -0.6551673412 0.5663452744 0.9862064123 1.8905122280 
<Mixture_35_MEAN>
0.7184322476 -0.6676896214 0.5755403638 0.7972323895 3.8395004272 
<Mixture_36_MEAN>
0.7088958621 -0.6426693201 0.5878104568 1.1247547865 1.5239754915 
<Mixture_37_MEAN>
0.7763503790 -0.6558706164 0.6093292832 1.0658689737 1.6207532883 
<Mixture_38_MEAN>
0.8523530364 -0.6543639898 0.6313785911 1.1105403900 1.5846629143 
<Mixture_39_MEAN>
0.9245689511 -0.6551901102 0.6474693418 1.1080137491 1.6582883596 
<Mixture_40_MEAN>
0.2628730237 -0.6397368908 0.3531065583 1.0265569687 2.1954705715 
<Mixture_41_MEAN>
0.3541353643 -0.6722069383 0.4164862037 0.7431579232 3.5937614441 
<Mixture_42_MEAN>
0.4022798836 -0.6430993676 0.4502824545 0.9769161940 1.9050055742 
<Mixture_43_MEAN>
0.4618538320 -0.6135646701 0.4794541299 0.9888678789 5.0554785728 
<Mixture_44_MEAN>
0.4667428732 -0.6013727784 0.4881528914 1.2301067114 2.0123851299 
<Mixture_45_MEAN>
0.4281040430 -0.5502372980 0.4664356112 1.4950394630 2.9975934029 
<Mixture_46_MEAN>
0.5864667892 -0.5913560390 0.5404232144 1.3066881895 2.4901647568 
<Mixture_47_MEAN>
0.6012481451 -0.5679531097 0.5420893431 1.3801476955 3.5837569237 
<Mixture_48_MEAN>
1.1043233871 -0.7339999080 0.6819890141 0.7363660932 0.9818778038 
<Mixture_49_MEAN>
1.3701993227 -0.7263385653 0.7225501537 0.8137580156 1.0456230640 
<Mixture_50_MEAN>
1.7163269520 -0.7115356922 0.7629348636 0.9271572828 1.1236107349 
<Mixture_51_MEAN>
2.0702509880 -0.6981672049 0.7929114699 1.0304819345 1.2042918205 
<Mixture_52_MEAN>
1.1944833994 -0.6512242556 0.6981846094 1.1695502996 1.7425494194 
<Mixture_53_MEAN>
1.3467259407 -0.6214613318 0.7239616513 1.3835917711 1.7583841085 
<Mixture_54_MEAN>
1.6099696159 -0.5945490003 0.7443678379 1.3820933104 2.9533369541 
<Mixture_55_MEAN>
1.8481136560 -0.6021964550 0.7752420902 1.4939782619 2.1189980507 
<Mixture_56_MEAN>
0.8173116446 -0.5908426642 0.6126357913 1.3313131332 2.8849205971 
<Mixture_57_MEAN>
0.8940995336 -0.5822359324 0.6317558885 1.3778281212 3.1498887539 
<Mixture_58_MEAN>
1.0758507252 -0.5851368308 0.6701332927 1.3938298225 3.1501479149 
<Mixture_59_MEAN>
1.1767809391 -0.5656611919 0.6847132444 1.4629927874 3.6806366444 
<Mixture_60_MEAN>
0.7177065015 -0.5444928408 0.5853469372 1.6036995649 2.9573097229 
<Mixture_61_MEAN>
0.7610023618 -0.5270358920 0.5982608795 1.6967948675 3.4858212471 
<Mixture_62_MEAN>
0.9195962548 -0.5273835659 0.6438823938 1.7782762051 3.0692665577 
<Mixture_63_MEAN>
0.9805283546 -0.5187990665 0.6579805017 1.8580890894 3.0428276062 
<Mixture_64_MEAN>
0.4962761402 -0.5642672777 0.4809434414 1.1411138773 17.1834926605 
<Mixture_65_MEAN>
0.6667820215 -0.5127720833 0.5535500646 1.4412074089 12.6355991364 
<Mixture_66_MEAN>
0.6046519876 -0.5187216997 0.5348437428 1.5029380322 8.0174026489 
<Mixture_67_MEAN>
1.1290594339 -0.5424696803 0.6602959037 1.2790542841 10.8211364746 
<Mixture_68_MEAN>
0.5062630773 -0.4803165495 0.5049469471 1.9031904936 4.6707434654 
<Mixture_69_MEAN>
0.7326993346 -0.4654316604 0.5884827971 2.0246632099 5.2553191185 
<Mixture_70_MEAN>
0.9666118026 -0.4769313335 0.6414007545 1.8758031130 7.2045927048 
<Mixture_71_MEAN>
1.1709299088 -0.4700218737 0.6751277447 1.7779377699 12.0504398346 
<Mixture_72_MEAN>
1.2428100109 -0.4874085784 0.7034362555 2.0466811657 3.9437499046 
<Mixture_73_MEAN>
1.2703273296 -0.4579164982 0.7064883709 2.2139103413 4.7106113434 
<Mixture_74_MEAN>
1.5063036680 -0.5141122341 0.7289208174 1.7010796070 5.5696282387 
<Mixture_75_MEAN>
1.5504479408 -0.4891043007 0.7376621366 1.9005126953 5.7911319733 
<Mixture_76_MEAN>
1.8693848848 -0.5042628050 0.7646092772 1.7335023880 5.5565247536 
<Mixture_77_MEAN>
1.9318069220 -0.4988401532 0.7833790183 2.0608894825 3.6021773815 
<Mixture_78_MEAN>
2.2829856873 -0.5233431458 0.7930804491 1.5291541815 6.6241998672 
<Mixture_79_MEAN>
2.4059698582 -0.5005071163 0.8073316216 1.8358309269 4.9964385033 
<Mixture_80_MEAN>
2.6197791100 -0.6739192009 0.8268553019 1.1915922165 1.3059406281 
<Mixture_81_MEAN>
2.5424060822 -0.5963568091 0.8206295967 1.5342603922 2.2383296490 
<Mixture_82_MEAN>
3.5127606392 -0.6657593846 0.8635126352 1.2957115173 1.3256154060 
<Mixture_83_MEAN>
3.3850531578 -0.6117539406 0.8577094078 1.5024279356 2.0045962334 
<Mixture_84_MEAN>
4.2403345108 -0.6006923914 0.8807583451 1.5547876358 2.1024656296 
<Mixture_85_MEAN>
4.3317713737 -0.5783759952 0.8835615516 1.6865996122 2.4387996197 
<Mixture_86_MEAN>
5.1072912216 -0.6383030415 0.9009640813 1.5070421696 1.4440730810 
<Mixture_87_MEAN>
5.4679522514 -0.5967831016 0.9056112766 1.6678946018 1.9305734634 
<Mixture_88_MEAN>
3.0882129669 -0.5218689442 0.8395420313 1.6971000433 4.5181035995 
<Mixture_89_MEAN>
3.2370874882 -0.5047473907 0.8471625447 1.8349064589 4.5360097885 
<Mixture_90_MEAN>
3.5724840164 -0.5000964403 0.8649583459 2.0803449154 3.4775073528 
<Mixture_91_MEAN>
3.0495166779 -0.4893755615 0.8708251715 2.3921809196 3.1946756840 
<Mixture_92_MEAN>
4.2313194275 -0.4812788963 0.8732964993 1.7214356661 7.3664026260 
<Mixture_93_MEAN>
4.3920888901 -0.4559062123 0.8801842332 2.0079011917 6.5082221031 
<Mixture_94_MEAN>
4.9493966103 -0.4766062796 0.8942487240 2.0692863464 4.7338976860 
<Mixture_95_MEAN>
5.2508468628 -0.4850234985 0.8989954591 2.0036897659 4.6031122208 
<Mixture_96_MEAN>
0.5738349557 -0.4067242444 0.5288560390 2.2815947533 9.8681650162 
<Mixture_97_MEAN>
0.7310515642 -0.3419362009 0.5888067484 2.8529036045 12.8184394836 
<Mixture_98_MEAN>
0.9469217658 -0.4212940931 0.6428101659 2.3248703480 7.2549033165 
<Mixture_99_MEAN>
0.9786528945 -0.3629078269 0.6514260769 2.7744164467 8.7770843506 
<Mixture_100_MEAN>
1.2294458151 -0.3802205324 0.6921774745 2.4896566868 16.6792068481 
<Mixture_101_MEAN>
1.3056900501 -0.3368717730 0.7105762362 3.0222291946 11.2558403015 
<Mixture_102_MEAN>
1.1409713030 -0.4279683828 0.6851698160 2.0057268143 28.0043849945 
<Mixture_103_MEAN>
1.6848262548 -0.3205828667 0.7533768415 3.0119600296 24.7103576660 
<Mixture_104_MEAN>
1.6094133854 -0.4139667153 0.7426890731 2.3063261509 10.7824954987 
<Mixture_105_MEAN>
1.7123835087 -0.3783825934 0.7597457170 2.7288417816 8.5900363922 
<Mixture_106_MEAN>
1.9910012484 -0.4167837799 0.7814682126 2.3931009769 7.5418796539 
<Mixture_107_MEAN>
2.2219226360 -0.4101747274 0.8016918302 2.5441784859 6.6134152412 
<Mixture_108_MEAN>
2.1183586121 -0.4593212008 0.7794719338 1.6679748297 19.7293891907 
<Mixture_109_MEAN>
2.3146471977 -0.4046992064 0.7978092432 2.1694426537 16.4265022278 
<Mixture_110_MEAN>
2.2301304340 -0.3436334133 0.7967754006 2.8014774323 18.2197170258 
<Mixture_111_MEAN>
2.5958929062 -0.3077170551 0.8227311969 3.2555439472 16.0071525574 
<Mixture_112_MEAN>
2.8265812397 -0.4367865920 0.8281505704 2.0847103596 9.3334236145 
<Mixture_113_MEAN>
3.0064272881 -0.4119713008 0.8380562067 2.2843601704 10.6122388840 
<Mixture_114_MEAN>
3.1959040165 -0.3827210665 0.8449257612 2.3788318634 16.4166450500 
<Mixture_115_MEAN>
3.3820691109 -0.3944818676 0.8490251899 2.0807318687 29.6744079590 
<Mixture_116_MEAN>
3.7215781212 -0.4157525003 0.8632828593 2.2125887871 9.7707757950 
<Mixture_117_MEAN>
4.0281977654 -0.4081174135 0.8704161644 2.0978662968 14.9198045731 
<Mixture_118_MEAN>
3.9502787590 -0.3484613299 0.8735571504 2.8847503662 11.6402635574 
<Mixture_119_MEAN>
4.0490212440 -0.2982936800 0.8756419420 3.2508456707 18.9474563599 
<Mixture_120_MEAN>
4.9568395615 -0.3969305456 0.8911535144 2.1791422367 14.0607318878 
<Mixture_121_MEAN>
5.1803746223 -0.3821408451 0.8969805837 2.4165775776 12.3189725876 
<Mixture_122_MEAN>
5.8790540695 -0.4044269621 0.9073494673 2.2625856400 10.3721094131 
<Mixture_123_MEAN>
6.0823602676 -0.4037225544 0.9101386070 2.2512106895 10.4421224594 
<Mixture_124_MEAN>
4.9410533905 -0.3718836606 0.8902772665 2.1462063789 31.1354827881 
<Mixture_125_MEAN>
5.4922547340 -0.3311388493 0.9017369151 2.5837051868 31.1864776611 
<Mixture_126_MEAN>
6.0490260124 -0.3156649172 0.9110643864 2.8876981735 21.4876899719 
<Mixture_127_MEAN>
6.6504106522 -0.2995919287 0.9189708233 3.0732085705 22.3274021149 
<Mixture_128_MEAN>
-154.5090942383 -0.3262158334 0.9998718500 3.4462747574 9.4920978546 
<Mixture_129_MEAN>
102.2435379028 -0.4001029134 0.9982188940 3.2938041687 5.1997265816 
<Mixture_130_MEAN>
-92.3790969849 -0.2683476508 1.0003180504 3.8410615921 17.2678489685 
<Mixture_131_MEAN>
-92.0467834473 -0.2342154831 1.0033504963 4.2882161140 20.6930866241 
<Mixture_132_MEAN>
14.7871026993 -0.4528541863 0.9987719655 2.8445675373 3.8402900696 
<Mixture_133_MEAN>
8.5465049744 -0.3722663522 0.9721248150 3.1078267097 8.2954807281 
<Mixture_134_MEAN>
-42.6432723999 -0.3409717977 1.0030796528 3.5779187679 7.8813400269 
<Mixture_135_MEAN>
14.6636419296 -0.2934046686 0.9914047122 3.8605568409 12.7334136963 
<Mixture_136_MEAN>
88.8704833984 -0.3364854753 0.9937996268 3.4280714989 7.4320950508 
<Mixture_137_MEAN>
95.3455810547 -0.3113571703 0.9941679835 3.5044820309 9.7238960266 
<Mixture_138_MEAN>
110.1494522095 -0.2743424475 0.9947186112 3.4355146885 15.0893650055 
<Mixture_139_MEAN>
120.3536605835 -0.2956043780 0.9953346848 3.5979745388 11.1035823822 
<Mixture_140_MEAN>
88.3119506836 -0.2690241337 0.9955322146 3.8224747181 15.0135955811 
<Mixture_141_MEAN>
125.4055786133 -0.2643029988 0.9959706664 3.7719285488 15.3158569336 
<Mixture_142_MEAN>
156.5108947754 -0.2859968841 0.9971012473 3.9506568909 10.6136503220 
<Mixture_143_MEAN>
184.2316284180 -0.2581193149 0.9972562194 4.0365405083 14.2628946304 
<Mixture_144_MEAN>
41.9786071777 -0.1888747811 0.9863142371 4.2104105949 37.9784164429 
<Mixture_145_MEAN>
46.2898254395 -0.1884956658 0.9877237082 4.2161965370 37.7459297180 
<Mixture_146_MEAN>
34.3770103455 -0.2192146182 0.9885127544 4.3610143661 25.1584167480 
<Mixture_147_MEAN>
40.5908546448 -0.1954704821 0.9886609912 4.6512975693 29.2858638763 
<Mixture_148_MEAN>
189.5314483643 -0.2204490751 0.9969090819 3.6018090248 28.0038204193 
<Mixture_149_MEAN>
186.9082183838 -0.2008285671 0.9969683886 3.5585095882 45.9090805054 
<Mixture_150_MEAN>
299.7628479004 -0.2228049487 0.9985168576 4.4070100784 20.8035240173 
<Mixture_151_MEAN>
253.2678375244 -0.2135159820 0.9981021285 3.7386133671 34.0273971558 
<Mixture_152_MEAN>
56.2874526978 -0.2496671081 0.9890521169 2.6049132347 48.7038803101 
<Mixture_153_MEAN>
58.0091400146 -0.2318899930 0.9895687699 2.8366861343 46.8875961304 
<Mixture_154_MEAN>
72.5626296997 -0.2267728001 0.9915387034 3.1195654869 38.4906196594 
<Mixture_155_MEAN>
76.1921691895 -0.2225791067 0.9920262694 3.1057517529 43.6817398071 
<Mixture_156_MEAN>
101.7845382690 -0.2373185307 0.9940874577 3.3896949291 24.8072128296 
<Mixture_157_MEAN>
102.5354003906 -0.2211508751 0.9941494465 3.2615394592 40.1555175781 
<Mixture_158_MEAN>
126.1897430420 -0.2241356075 0.9953985810 3.6797938347 25.9874877930 
<Mixture_159_MEAN>
140.0666046143 -0.2206301093 0.9957383871 3.4627828598 31.4670085907 
<Mixture_160_MEAN>
26.4134559631 -0.4300219715 0.9781734943 2.5903956890 4.4252047539 
<Mixture_161_MEAN>
29.0976295471 -0.4350215793 0.9807201028 2.7278642654 4.0050134659 
<Mixture_162_MEAN>
29.9739112854 -0.3764649034 0.9804221392 2.7034585476 7.5863585472 
<Mixture_163_MEAN>
32.6216011047 -0.3844263852 0.9820404649 2.7434003353 6.6189804077 
<Mixture_164_MEAN>
30.3420238495 -0.3267480135 0.9802260399 2.6941092014 13.4859905243 
<Mixture_165_MEAN>
31.2890605927 -0.3185588717 0.9813050628 2.9739422798 12.4503583908 
<Mixture_166_MEAN>
34.0546073914 -0.3119660318 0.9822750688 2.7800173759 14.8869590759 
<Mixture_167_MEAN>
35.1196746826 -0.3142267168 0.9829961658 2.8875405788 13.2882852554 
<Mixture_168_MEAN>
39.5359802246 -0.4169188142 0.9857876897 2.8803553581 4.3480076790 
<Mixture_169_MEAN>
41.6874580383 -0.3730896115 0.9863671660 3.0301146507 6.2847361565 
<Mixture_170_MEAN>
44.4237670898 -0.3475988805 0.9865982533 2.8088555336 9.3205966949 
<Mixture_171_MEAN>
47.4004058838 -0.3362108469 0.9875171781 2.8598797321 10.5649271011 
<Mixture_172_MEAN>
46.4294967651 -0.3966612518 0.9904385209 3.1969413757 4.8631896973 
<Mixture_173_MEAN>
44.8166084290 -0.3553127944 0.9916711450 3.4093797207 6.7382659912 
<Mixture_174_MEAN>
58.9286384583 -0.3623103499 0.9906744957 3.2291455269 6.3510403633 
<Mixture_175_MEAN>
61.6799316406 -0.3522766531 0.9908462167 3.2110075951 7.2126994133 
<Mixture_176_MEAN>
38.4982681274 -0.2839339972 0.9841554165 2.8453876972 20.7279491425 
<Mixture_177_MEAN>
38.6804542542 -0.2736676931 0.9845187664 3.1114737988 19.9755973816 
<Mixture_178_MEAN>
37.3726348877 -0.2469639033 0.9838905931 3.1543428898 30.7679424286 
<Mixture_179_MEAN>
39.4396438599 -0.2447014451 0.9845038056 2.8641335964 42.8771514893 
<Mixture_180_MEAN>
45.2202186584 -0.2915787399 0.9866921306 2.9551677704 16.6483745575 
<Mixture_181_MEAN>
46.4662857056 -0.2825892270 0.9872170687 3.1374228001 16.8571090698 
<Mixture_182_MEAN>
48.9355964661 -0.2614502013 0.9876409769 3.1272950172 23.3161621094 
<Mixture_183_MEAN>
50.1669425964 -0.2471422106 0.9879352450 3.1990466118 27.7063846588 
<Mixture_184_MEAN>
58.6519088745 -0.2960732877 0.9896256328 2.9085245132 15.3745355606 
<Mixture_185_MEAN>
59.6654663086 -0.2816872895 0.9900029898 3.1662461758 16.3706817627 
<Mixture_186_MEAN>
61.7785339355 -0.2527085543 0.9903283715 3.3423702717 22.2256908417 
<Mixture_187_MEAN>
62.9377861023 -0.2413366884 0.9906849265 3.6051065922 22.6794300079 
<Mixture_188_MEAN>
73.2052917480 -0.3007607758 0.9919328690 3.1832780838 12.4948272705 
<Mixture_189_MEAN>
75.5377502441 -0.2891204059 0.9922354221 3.3095335960 13.4299716949 
<Mixture_190_MEAN>
81.8509140015 -0.2651325166 0.9926546216 3.2337350845 18.6329269409 
<Mixture_191_MEAN>
85.9058837891 -0.2477614135 0.9930359125 3.3935847282 22.0670280457 
<Mixture_192_MEAN>
6.6507043839 -0.5495793223 0.9194030166 1.8409931660 2.6652259827 
<Mixture_193_MEAN>
7.0246195793 -0.5418645144 0.9242051840 1.9410592318 2.6167798042 
<Mixture_194_MEAN>
8.5388431549 -0.5646970868 0.9369404912 1.8731595278 2.1893846989 
<Mixture_195_MEAN>
9.2390851974 -0.5452084541 0.9410313964 1.9582240582 2.5157980919 
<Mixture_196_MEAN>
7.1299705505 -0.4598791301 0.9207476974 1.9440975189 6.3679714203 
<Mixture_197_MEAN>
7.3853173256 -0.4505829513 0.9266334772 2.2466247082 5.5010747910 
<Mixture_198_MEAN>
8.9516897202 -0.4513218701 0.9377186298 2.2153420448 5.3277273178 
<Mixture_199_MEAN>
9.5805931091 -0.4528581202 0.9410998821 2.1808302402 5.3168525696 
<Mixture_200_MEAN>
7.2054686546 -0.3963902891 0.9210336208 2.0447943211 15.5676202774 
<Mixture_201_MEAN>
7.3381934166 -0.3733267188 0.9237491488 2.3334882259 14.3144855499 
<Mixture_202_MEAN>
7.8062586784 -0.3692415655 0.9294013977 2.5692889690 10.4150009155 
<Mixture_203_MEAN>
7.8801493645 -0.3513315916 0.9315881729 2.8559467793 10.0839910507 
<Mixture_204_MEAN>
8.9159317017 -0.3943645656 0.9345002770 2.0320026875 13.6492357254 
<Mixture_205_MEAN>
9.0560550690 -0.3779816628 0.9365324378 2.2734293938 12.5258712769 
<Mixture_206_MEAN>
10.0518875122 -0.3891271651 0.9425150752 2.2610647678 10.9490709305 
<Mixture_207_MEAN>
10.1511678696 -0.3830200732 0.9439781308 2.4173436165 9.9311637878 
<Mixture_208_MEAN>
11.5694227219 -0.5236044526 0.9520194530 2.0806825161 2.6808688641 
<Mixture_209_MEAN>
13.1006278992 -0.5073025227 0.9567987919 2.1222522259 3.0480732918 
<Mixture_210_MEAN>
12.0341367722 -0.4360738993 0.9524531364 2.2953293324 5.6780257225 
<Mixture_211_MEAN>
12.5739984512 -0.4323745966 0.9555787444 2.4798188210 5.2248878479 
<Mixture_212_MEAN>
13.2216482162 -0.4048655033 0.9548537731 2.1511623859 8.8296241760 
<Mixture_213_MEAN>
13.6439180374 -0.3943130970 0.9578891397 2.4857163429 7.6927604675 
<Mixture_214_MEAN>
15.3843135834 -0.3935709894 0.9615777731 2.3195939064 8.8878202438 
<Mixture_215_MEAN>
15.6863260269 -0.3874565065 0.9623586535 2.3568675518 9.1259880066 
<Mixture_216_MEAN>
16.3108806610 -0.5139451623 0.9661289454 2.2848753929 2.6740591526 
<Mixture_217_MEAN>
14.3358230591 -0.4825060368 0.9715039134 2.6025276184 3.2393569946 
<Mixture_218_MEAN>
18.8419170380 -0.4764854014 0.9695652723 2.3361861706 3.6162803173 
<Mixture_219_MEAN>
20.9546604156 -0.4717253447 0.9731737375 2.4792416096 3.4291901588 
<Mixture_220_MEAN>
18.1984119415 -0.4154966772 0.9681050181 2.4741325378 5.9585599899 
<Mixture_221_MEAN>
18.7559509277 -0.4025474489 0.9699616432 2.7201166153 5.8895936012 
<Mixture_222_MEAN>
20.9549064636 -0.3964633942 0.9716547132 2.4368634224 7.2678165436 
<Mixture_223_MEAN>
21.8109397888 -0.3963563144 0.9728301167 2.4733793736 7.0242791176 
<Mixture_224_MEAN>
8.3984632492 -0.3381041288 0.9317440391 2.2951927185 32.1083488464 
<Mixture_225_MEAN>
8.7046241760 -0.3086342514 0.9355530143 2.8132407665 22.3913612366 
<Mixture_226_MEAN>
10.0517253876 -0.3286194205 0.9423687458 2.4149794579 24.7794113159 
<Mixture_227_MEAN>
10.0410728455 -0.3144001961 0.9438861609 2.8056626320 19.5504665375 
<Mixture_228_MEAN>
9.2693557739 -0.2610683739 0.9411972165 3.5247495174 25.0623664856 
<Mixture_229_MEAN>
10.7031316757 -0.2608512044 0.9482393861 3.5482532978 22.4693317413 
<Mixture_230_MEAN>
10.5428762436 -0.3491604924 0.9469696879 2.1578907967 44.0088386536 
<Mixture_231_MEAN>
12.3416519165 -0.3005395532 0.9520549774 2.3804175854 44.7008781433 
<Mixture_232_MEAN>
11.6120796204 -0.3651006818 0.9496423602 2.2981944084 14.7626752853 
<Mixture_233_MEAN>
11.7578096390 -0.3417606652 0.9512070417 2.6004116535 14.9216461182 
<Mixture_234_MEAN>
12.8436021805 -0.3338922262 0.9543162584 2.4632022381 19.4476108551 
<Mixture_235_MEAN>
13.3660097122 -0.3399210870 0.9556326270 2.3377547264 20.2213039398 
<Mixture_236_MEAN>
13.2912349701 -0.2986645699 0.9578830004 3.1930081844 16.0258483887 
<Mixture_237_MEAN>
13.8797597885 -0.3095402420 0.9590946436 2.9781708717 16.4377593994 
<Mixture_238_MEAN>
15.1309747696 -0.3089979887 0.9609990716 2.6347029209 23.2551708221 
<Mixture_239_MEAN>
15.6375579834 -0.2792138755 0.9628588557 2.9685912132 29.3469715118 
<Mixture_240_MEAN>
17.5503711700 -0.3384085596 0.9659071565 2.4585947990 16.1053180695 
<Mixture_241_MEAN>
17.7342376709 -0.3247568607 0.9665454626 2.6026268005 17.4951267242 
<Mixture_242_MEAN>
18.7564544678 -0.3258414865 0.9690325856 2.8287401199 13.7854108810 
<Mixture_243_MEAN>
19.0360507965 -0.3155265450 0.9696406126 2.9402036667 14.3755922318 
<Mixture_244_MEAN>
21.9007015228 -0.3360195756 0.9725593925 2.4993116856 15.2209625244 
<Mixture_245_MEAN>
22.2200775146 -0.3295071423 0.9731140733 2.6045584679 15.2359285355 
<Mixture_246_MEAN>
24.8204784393 -0.3376209140 0.9759036899 2.6374063492 12.9958581924 
<Mixture_247_MEAN>
25.2157878876 -0.3315203190 0.9763916135 2.7063524723 13.2634296417 
<Mixture_248_MEAN>
19.9385852814 -0.2822785079 0.9697032571 2.5890288353 36.5259170532 
<Mixture_249_MEAN>
19.7695770264 -0.2521901131 0.9704672694 3.2704305649 29.2642097473 
<Mixture_250_MEAN>
23.2541351318 -0.2649030685 0.9745534062 3.0874860287 26.6284160614 
<Mixture_251_MEAN>
23.3777332306 -0.2564611435 0.9752236605 3.3981318474 23.5293388367 
<Mixture_252_MEAN>
23.1030769348 -0.2917298973 0.9757273793 2.4534723759 50.8244438171 
<Mixture_253_MEAN>
24.4182968140 -0.2603644431 0.9779570699 2.8419682980 46.7171630859 
<Mixture_254_MEAN>
28.2787914276 -0.2845507264 0.9785206914 2.7541873455 24.7898330688 
<Mixture_255_MEAN>
29.7262649536 -0.2555004358 0.9799447060 3.1761798859 28.0956535339 
<Mixture_0_COVAR>
0.0006355957 0.0001461157 0.0003288045 0.0005420868 0.0148906345 
<Mixture_1_COVAR>
0.0005972606 0.0001336320 0.0002327351 0.0006726052 0.0149454819 
<Mixture_2_COVAR>
0.0009201706 0.0001313747 0.0004063185 0.0013210886 0.0249855909 
<Mixture_3_COVAR>
0.0009265568 0.0001431891 0.0003082044 0.0013264341 0.0193417519 
<Mixture_4_COVAR>
0.0010465392 0.0001817049 0.0006476370 0.0024449965 0.0486137532 
<Mixture_5_COVAR>
0.0007452514 0.0001305606 0.0003317635 0.0024213656 0.0368902497 
<Mixture_6_COVAR>
0.0010110569 0.0002000450 0.0003506670 0.0037801648 0.0302918479 
<Mixture_7_COVAR>
0.0011222569 0.0002321814 0.0003400843 0.0040829517 0.0303128287 
<Mixture_8_COVAR>
0.0009516396 0.0002807314 0.0005692889 0.0054040384 0.1294453740 
<Mixture_9_COVAR>
0.0005641734 0.0002578145 0.0002496923 0.0050544208 0.1050520465 
<Mixture_10_COVAR>
0.0008452875 0.0002410916 0.0003557298 0.0047859158 0.0676253140 
<Mixture_11_COVAR>
0.0009163204 0.0002328774 0.0003345786 0.0048838574 0.0958437547 
<Mixture_12_COVAR>
0.0013566555 0.0002706273 0.0003438419 0.0053549432 0.0375306234 
<Mixture_13_COVAR>
0.0008803923 0.0002401864 0.0002835629 0.0057530697 0.0733150020 
<Mixture_14_COVAR>
0.0019024144 0.0003446571 0.0003606093 0.0077666836 0.0424364768 
<Mixture_15_COVAR>
0.0021830327 0.0002420429 0.0005099977 0.0063428893 0.1050451845 
<Mixture_16_COVAR>
0.0020284478 0.0007962115 0.0013314979 0.0218490064 0.9716492295 
<Mixture_17_COVAR>
0.0007748933 0.0006453936 0.0003688648 0.0162406731 0.4766350389 
<Mixture_18_COVAR>
0.0011861462 0.0002506829 0.0004387413 0.0062886612 0.1298860013 
<Mixture_19_COVAR>
0.0010125301 0.0005542748 0.0003308324 0.0137420902 0.4717266262 
<Mixture_20_COVAR>
0.0015238750 0.0002851113 0.0004295121 0.0078693638 0.1438391209 
<Mixture_21_COVAR>
0.0020480868 0.0003925231 0.0005226313 0.0124279456 0.2975459993 
<Mixture_22_COVAR>
0.0028202634 0.0003906360 0.0007760687 0.0122132311 0.2898121476 
<Mixture_23_COVAR>
0.0024261868 0.0004272847 0.0005948539 0.0146150608 0.7908039093 
<Mixture_24_COVAR>
0.0027683044 0.0003620490 0.0003863653 0.0099237794 0.0529305413 
<Mixture_25_COVAR>
0.0043377788 0.0003592100 0.0003599096 0.0085494658 0.0533208996 
<Mixture_26_COVAR>
0.0046719834 0.0002387457 0.0003715853 0.0078783454 0.1085357219 
<Mixture_27_COVAR>
0.0074107884 0.0005225638 0.0003525713 0.0156886559 0.0771261901 
<Mixture_28_COVAR>
0.0021013105 0.0003919312 0.0004175210 0.0100321649 0.1918761432 
<Mixture_29_COVAR>
0.0038619530 0.0004415519 0.0004875963 0.0127824340 0.2374399900 
<Mixture_30_COVAR>
0.0038387426 0.0003769370 0.0005067558 0.0110931015 0.2214758396 
<Mixture_31_COVAR>
0.0076207719 0.0003829382 0.0005839194 0.0128102843 0.1922100931 
<Mixture_32_COVAR>
0.0025892246 0.0005883485 0.0004632539 0.0172778312 0.4038578570 
<Mixture_33_COVAR>
0.0030199699 0.0006485785 0.0004775989 0.0225369427 0.8700457215 
<Mixture_34_COVAR>
0.0029243934 0.0006228122 0.0003590565 0.0193942506 0.7100569606 
<Mixture_35_COVAR>
0.0127532156 0.0016137724 0.0011301215 0.0378488675 2.8140895367 
<Mixture_36_COVAR>
0.0044312291 0.0007510334 0.0003926043 0.0220381655 0.3404543102 
<Mixture_37_COVAR>
0.0075552464 0.0007947130 0.0005503477 0.0265914034 0.4486709237 
<Mixture_38_COVAR>
0.0106703639 0.0009022932 0.0006414483 0.0370564684 0.4152973592 
<Mixture_39_COVAR>
0.0099967252 0.0008980451 0.0004846309 0.0397819392 0.4891011417 
<Mixture_40_COVAR>
0.0036995269 0.0029407216 0.0036619066 0.0706641003 1.5454494953 
<Mixture_41_COVAR>
0.0016252772 0.0018841472 0.0005757505 0.0496518500 4.5221014023 
<Mixture_42_COVAR>
0.0020353908 0.0005132212 0.0006888005 0.0162700079 0.7563238740 
<Mixture_43_COVAR>
0.0028091881 0.0012755835 0.0006230345 0.0349105448 5.4180297852 
<Mixture_44_COVAR>
0.0028791754 0.0005634582 0.0006999787 0.0190583114 0.6617711186 
<Mixture_45_COVAR>
0.0045416034 0.0007778109 0.0013382494 0.0344811939 1.7571979761 
<Mixture_46_COVAR>
0.0039676959 0.0007778969 0.0006257077 0.0314377844 1.2493920326 
<Mixture_47_COVAR>
0.0041600512 0.0010767136 0.0005734817 0.0457337536 3.4383969307 
<Mixture_48_COVAR>
0.0155519331 0.0009135655 0.0004537481 0.0281658880 0.1384303272 
<Mixture_49_COVAR>
0.0247471184 0.0008187861 0.0003996402 0.0281194206 0.1438060999 
<Mixture_50_COVAR>
0.0308906920 0.0010935150 0.0002554612 0.0378873833 0.1907281876 
<Mixture_51_COVAR>
0.0544245392 0.0010275433 0.0002736117 0.0395306908 0.2131808102 
<Mixture_52_COVAR>
0.0201054867 0.0009895555 0.0004337097 0.0438462086 0.5315443277 
<Mixture_53_COVAR>
0.0226489883 0.0013739063 0.0003580172 0.0581414066 0.4547564089 
<Mixture_54_COVAR>
0.0343490802 0.0017590304 0.0003732735 0.0904558524 1.7717726231 
<Mixture_55_COVAR>
0.0532969236 0.0013207042 0.0003214936 0.0726173669 0.7128772736 
<Mixture_56_COVAR>
0.0079013323 0.0005673385 0.0005588201 0.0293160640 1.7941683531 
<Mixture_57_COVAR>
0.0090200612 0.0008002528 0.0004953975 0.0367863402 2.4201099873 
<Mixture_58_COVAR>
0.0127717778 0.0012124454 0.0004492114 0.0642473772 2.4313049316 
<Mixture_59_COVAR>
0.0164919160 0.0010875013 0.0003979449 0.0578369424 3.3215701580 
<Mixture_60_COVAR>
0.0058250073 0.0007985216 0.0005673301 0.0341354050 1.7803410292 
<Mixture_61_COVAR>
0.0080429185 0.0007187038 0.0006107342 0.0359128304 2.3336684704 
<Mixture_62_COVAR>
0.0102069536 0.0009318555 0.0005341405 0.0430349484 1.6465247869 
<Mixture_63_COVAR>
0.0116901873 0.0009099800 0.0005401358 0.0442807637 1.4808397293 
<Mixture_64_COVAR>
0.0421211235 0.0062554646 0.0091606509 0.1568752378 84.2452239990 
<Mixture_65_COVAR>
0.0157397483 0.0019600422 0.0016896494 0.0702947080 20.4646377563 
<Mixture_66_COVAR>
0.0252666734 0.0005508763 0.0036017632 0.0249531101 5.1403751373 
<Mixture_67_COVAR>
0.0505259037 0.0012472109 0.0015539781 0.0488535501 16.4769611359 
<Mixture_68_COVAR>
0.0111402599 0.0008017246 0.0027261642 0.0385098420 4.8177042007 
<Mixture_69_COVAR>
0.0084899766 0.0006370515 0.0007997259 0.0441418998 6.0338630676 
<Mixture_70_COVAR>
0.0105484026 0.0006705450 0.0005249148 0.0423015170 10.5401124954 
<Mixture_71_COVAR>
0.0208362155 0.0009250898 0.0006081758 0.0531441756 29.9361724854 
<Mixture_72_COVAR>
0.0159423370 0.0017390554 0.0003967737 0.0756039917 3.0299427509 
<Mixture_73_COVAR>
0.0177682135 0.0015600031 0.0004252169 0.0767740160 4.0541057587 
<Mixture_74_COVAR>
0.0187117551 0.0014292478 0.0003061741 0.0950138643 8.9422025681 
<Mixture_75_COVAR>
0.0185358282 0.0013009165 0.0002822888 0.0897054747 9.9118432999 
<Mixture_76_COVAR>
0.0255789924 0.0014084282 0.0002147612 0.1062389463 6.5719923973 
<Mixture_77_COVAR>
0.0448457561 0.0012961309 0.0002865172 0.0861405805 2.2538461685 
<Mixture_78_COVAR>
0.0543029010 0.0024170463 0.0002536297 0.1274552494 11.3029289246 
<Mixture_79_COVAR>
0.0450543612 0.0017484527 0.0001595152 0.1096366718 6.1762547493 
<Mixture_80_COVAR>
0.0836898983 0.0013978760 0.0002069328 0.0533436760 0.2540564537 
<Mixture_81_COVAR>
0.0821406245 0.0013000631 0.0002204966 0.0884103850 0.7430481911 
<Mixture_82_COVAR>
0.1440770626 0.0013495283 0.0001562362 0.0609940290 0.2384378612 
<Mixture_83_COVAR>
0.1162822768 0.0015455527 0.0001196667 0.0899737552 0.6497389078 
<Mixture_84_COVAR>
0.1551676244 0.0022601837 0.0000789287 0.1150747165 0.9167813063 
<Mixture_85_COVAR>
0.1923925877 0.0016571331 0.0000839736 0.1163351387 0.9998911619 
<Mixture_86_COVAR>
0.4053454101 0.0015213605 0.0001039525 0.0772350580 0.3102358580 
<Mixture_87_COVAR>
0.3043049872 0.0018217139 0.0000644878 0.1039129123 0.5964061618 
<Mixture_88_COVAR>
0.1030495092 0.0018361565 0.0001391437 0.1266644001 4.3712177277 
<Mixture_89_COVAR>
0.1214364469 0.0019233595 0.0001203782 0.1366396248 4.1469864845 
<Mixture_90_COVAR>
0.0920116007 0.0018089307 0.0000876114 0.1352070719 1.7593381405 
<Mixture_91_COVAR>
0.9156357646 0.0020276608 0.0008245168 0.1243338138 1.6861375570 
<Mixture_92_COVAR>
0.1207960695 0.0020697957 0.0000807257 0.1466360539 11.5373563766 
<Mixture_93_COVAR>
0.1163836718 0.0020212652 0.0000548122 0.1699732840 8.4226760864 
<Mixture_94_COVAR>
0.2245189846 0.0022023087 0.0000654776 0.2079502791 4.0999126434 
<Mixture_95_COVAR>
0.2476256043 0.0019545120 0.0000620173 0.1938997358 3.6216361523 
<Mixture_96_COVAR>
0.0163922142 0.0009922581 0.0028142282 0.0824823976 31.5271968842 
<Mixture_97_COVAR>
0.0143913962 0.0021847175 0.0013895921 0.2079421729 61.5565223694 
<Mixture_98_COVAR>
0.0149213802 0.0006766996 0.0007522611 0.0425667167 15.5018024445 
<Mixture_99_COVAR>
0.0128285019 0.0015188402 0.0005904713 0.1071047038 19.0619010925 
<Mixture_100_COVAR>
0.0207905471 0.0021146664 0.0004443099 0.1853891611 67.6717605591 
<Mixture_101_COVAR>
0.0262174178 0.0020252650 0.0005116749 0.1735397279 31.1848850250 
<Mixture_102_COVAR>
0.1043190360 0.0058870516 0.0050738216 0.4452928007 160.9986419678 
<Mixture_103_COVAR>
0.0428570993 0.0034473666 0.0004611078 0.4499811232 140.0460968018 
<Mixture_104_COVAR>
0.0229966808 0.0011983846 0.0002736405 0.1113229841 30.7346038818 
<Mixture_105_COVAR>
0.0273345150 0.0018903884 0.0002523359 0.1441182047 16.7445545197 
<Mixture_106_COVAR>
0.0312752724 0.0010822078 0.0002032996 0.0924133509 10.9314756393 
<Mixture_107_COVAR>
0.0515293628 0.0010749394 0.0002378893 0.0914826021 7.9740614891 
<Mixture_108_COVAR>
0.0770378709 0.0019854726 0.0004443486 0.1139919758 82.0609512329 
<Mixture_109_COVAR>
0.0473306440 0.0011664496 0.0001860381 0.1053222343 44.0739288330 
<Mixture_110_COVAR>
0.0609933995 0.0010384361 0.0002625940 0.1389799118 110.5619506836 
<Mixture_111_COVAR>
0.1074624285 0.0017706469 0.0003174445 0.2196514755 79.2969818115 
<Mixture_112_COVAR>
0.0585887544 0.0020903545 0.0001454655 0.2036731988 22.3142890930 
<Mixture_113_COVAR>
0.0736359358 0.0020012932 0.0001307839 0.2230665833 31.2132492065 
<Mixture_114_COVAR>
0.0605990849 0.0021121551 0.0000918440 0.2317480594 69.6950302124 
<Mixture_115_COVAR>
0.1442969441 0.0045351121 0.0002021611 0.3644785881 182.8779144287 
<Mixture_116_COVAR>
0.0926033929 0.0015193436 0.0000875524 0.1917841733 20.0740051270 
<Mixture_117_COVAR>
0.1121115014 0.0016883442 0.0000803643 0.1917153448 52.9192619324 
<Mixture_118_COVAR>
0.2030692548 0.0010276919 0.0001423305 0.1249190047 33.9647979736 
<Mixture_119_COVAR>
0.2437870950 0.0017476578 0.0001742865 0.2635739744 96.7477188110 
<Mixture_120_COVAR>
0.1496966034 0.0024262702 0.0000520763 0.2553565800 40.7028808594 
<Mixture_121_COVAR>
0.1892549247 0.0022818083 0.0000471278 0.2926118374 35.1170997620 
<Mixture_122_COVAR>
0.2346462309 0.0025932961 0.0000401053 0.2999070883 26.4518451691 
<Mixture_123_COVAR>
0.2034024298 0.0022551159 0.0000331215 0.2574424148 27.6795406342 
<Mixture_124_COVAR>
0.2728772163 0.0031973128 0.0001083773 0.3000769019 148.5200958252 
<Mixture_125_COVAR>
0.3876898289 0.0028348840 0.0000749303 0.4647208154 244.9337310791 
<Mixture_126_COVAR>
0.3605771363 0.0017739892 0.0000528302 0.3756154180 114.2052307129 
<Mixture_127_COVAR>
0.3622965217 0.0019842277 0.0000434294 0.4083057344 138.9494323730 
<Mixture_128_COVAR>
682942.5625000000 0.0035262103 0.0000006847 0.4769227505 25.1912574768 
<Mixture_129_COVAR>
22090.1640625000 0.0016159443 0.0000049085 0.1671349853 3.3882734776 
<Mixture_130_COVAR>
65337.3945312500 0.0010546197 0.0000011005 0.2547597289 90.8234329224 
<Mixture_131_COVAR>
5493.3393554688 0.0006295302 0.0000100162 0.3506889343 58.2133255005 
<Mixture_132_COVAR>
2468.6049804688 0.0025036947 0.0000750414 0.2471399754 2.2005202770 
<Mixture_133_COVAR>
58.1628417969 0.0018857660 0.0004450935 0.2703621686 12.2447185516 
<Mixture_134_COVAR>
4872.7094726562 0.0015832649 0.0000146458 0.2799431682 8.9479885101 
<Mixture_135_COVAR>
652.3630981445 0.0007599445 0.0001251892 0.2731271982 19.6795368195 
<Mixture_136_COVAR>
94.7743606567 0.0013089353 0.0000004834 0.2743800282 9.6009378433 
<Mixture_137_COVAR>
108.7375411987 0.0010871534 0.0000005561 0.3596764505 14.5353279114 
<Mixture_138_COVAR>
157.0788879395 0.0009742745 0.0000003591 0.6006899476 25.2929935455 
<Mixture_139_COVAR>
196.3587341309 0.0016485308 0.0000002729 0.4142059386 27.6714649200 
<Mixture_140_COVAR>
1989.8843994141 0.0009127437 0.0000013545 0.5281295776 34.5015106201 
<Mixture_141_COVAR>
1410.4729003906 0.0010075292 0.0000004357 0.5855354667 39.8714942932 
<Mixture_142_COVAR>
3035.0642089844 0.0013322387 0.0000006556 0.3350498974 22.5407810211 
<Mixture_143_COVAR>
2818.2553710938 0.0008621123 0.0000004902 0.4675840437 29.5965824127 
<Mixture_144_COVAR>
69.6013488770 0.0003466101 0.0000073343 0.1430636942 275.7898254395 
<Mixture_145_COVAR>
101.7692260742 0.0003747523 0.0000086807 0.1565507799 259.5055847168 
<Mixture_146_COVAR>
194.6084442139 0.0014229639 0.0000207402 0.4355841875 102.1556472778 
<Mixture_147_COVAR>
226.3481597900 0.0017240574 0.0000187592 0.4615297019 119.6924972534 
<Mixture_148_COVAR>
700.8323364258 0.0005420244 0.0000001521 0.6308053136 62.5000457764 
<Mixture_149_COVAR>
2074.5446777344 0.0014996594 0.0000002963 0.9024425745 345.0982055664 
<Mixture_150_COVAR>
23321.9785156250 0.0005194032 0.0000003318 0.3346648514 33.0300140381 
<Mixture_151_COVAR>
9550.3242187500 0.0008613868 0.0000003173 0.4552440345 257.8307495117 
<Mixture_152_COVAR>
38.1869850159 0.0018409102 0.0000014368 0.2728211880 215.7834777832 
<Mixture_153_COVAR>
51.2009735107 0.0006867279 0.0000017651 0.3003720939 197.7397155762 
<Mixture_154_COVAR>
43.7303962708 0.0006597285 0.0000006293 0.3481062949 111.7943191528 
<Mixture_155_COVAR>
50.5223655701 0.0008733458 0.0000007060 0.4944365919 216.0022888184 
<Mixture_156_COVAR>
72.3766860962 0.0007671668 0.0000001587 0.5188704729 83.8744277954 
<Mixture_157_COVAR>
126.5595855713 0.0011334361 0.0000003658 0.6731177568 321.1630859375 
<Mixture_158_COVAR>
247.1877899170 0.0007155214 0.0000002996 0.6374420524 62.8374443054 
<Mixture_159_COVAR>
241.9940948486 0.0007516057 0.0000002015 0.5490377545 167.3206024170 
<Mixture_160_COVAR>
5.9551177025 0.0024805430 0.0000041202 0.2390668392 3.6982381344 
<Mixture_161_COVAR>
12.1089038849 0.0026137205 0.0000052199 0.2158888280 2.9767062664 
<Mixture_162_COVAR>
11.8683300018 0.0012593054 0.0000040733 0.3890341222 7.5959849358 
<Mixture_163_COVAR>
12.9641294479 0.0012925083 0.0000030193 0.3431283534 6.9312996864 
<Mixture_164_COVAR>
6.3097815514 0.0012997716 0.0000022913 0.3967524469 21.7785072327 
<Mixture_165_COVAR>
9.4131565094 0.0014022015 0.0000028664 0.4841106832 21.6901721954 
<Mixture_166_COVAR>
8.1489152908 0.0015086898 0.0000019865 0.3952525854 40.5323028564 
<Mixture_167_COVAR>
8.1032695770 0.0015180577 0.0000017577 0.4007795453 30.9676132202 
<Mixture_168_COVAR>
21.9908695221 0.0020260459 0.0000028298 0.1945327669 3.2370047569 
<Mixture_169_COVAR>
29.9638195038 0.0015803240 0.0000026978 0.3267347813 6.0443520546 
<Mixture_170_COVAR>
19.8754081726 0.0011535570 0.0000019530 0.3645081222 12.1182832718 
<Mixture_171_COVAR>
30.4048786163 0.0008651094 0.0000018708 0.4126518965 14.5117940903 
<Mixture_172_COVAR>
309.8357849121 0.0016271155 0.0000064744 0.1846058965 3.8968009949 
<Mixture_173_COVAR>
360.9803161621 0.0016587167 0.0000098925 0.2528926730 7.5049362183 
<Mixture_174_COVAR>
89.3786544800 0.0014442095 0.0000019244 0.2840916812 7.7347722054 
<Mixture_175_COVAR>
57.8992996216 0.0010220663 0.0000013702 0.3105930686 8.3439331055 
<Mixture_176_COVAR>
9.3050146103 0.0012828663 0.0000014295 0.4229198694 79.0533981323 
<Mixture_177_COVAR>
10.1574001312 0.0012674863 0.0000013511 0.4834092855 77.1624832153 
<Mixture_178_COVAR>
12.4066581726 0.0009504247 0.0000023341 0.4797448516 142.1266632080 
<Mixture_179_COVAR>
17.3443107605 0.0012376464 0.0000024445 0.3915890455 297.2962646484 
<Mixture_180_COVAR>
13.6974830627 0.0011172707 0.0000011863 0.4541286230 31.7731494904 
<Mixture_181_COVAR>
17.2363948822 0.0010983420 0.0000012791 0.5065916181 39.8442459106 
<Mixture_182_COVAR>
16.7051219940 0.0011277118 0.0000011498 0.4880921245 95.2461776733 
<Mixture_183_COVAR>
15.2695598602 0.0008824110 0.0000009743 0.4082405865 126.4021377563 
<Mixture_184_COVAR>
23.8765907288 0.0010343682 0.0000006705 0.3993006647 32.4027137756 
<Mixture_185_COVAR>
31.6460723877 0.0011267310 0.0000008031 0.4687871039 42.6565551758 
<Mixture_186_COVAR>
34.3424949646 0.0010305911 0.0000006817 0.4775715172 81.0891494751 
<Mixture_187_COVAR>
39.5066413879 0.0008692514 0.0000006222 0.4941923320 85.2277832031 
<Mixture_188_COVAR>
40.8203697205 0.0010159407 0.0000004508 0.4693398774 22.6191539764 
<Mixture_189_COVAR>
55.6494331360 0.0010518539 0.0000005029 0.4956925213 27.7725505829 
<Mixture_190_COVAR>
65.7896270752 0.0010540541 0.0000004791 0.5582752824 51.4560966492 
<Mixture_191_COVAR>
60.9114608765 0.0010456009 0.0000003728 0.5901715755 67.0821380615 
<Mixture_192_COVAR>
0.4322768450 0.0028048244 0.0000566653 0.1617726535 1.4832130671 
<Mixture_193_COVAR>
0.5991063714 0.0029224299 0.0000493725 0.1864860803 1.3684270382 
<Mixture_194_COVAR>
0.7753182054 0.0026517860 0.0000352116 0.1462545842 0.9423999786 
<Mixture_195_COVAR>
0.8911556005 0.0023325768 0.0000297298 0.1610766798 1.1584260464 
<Mixture_196_COVAR>
0.4724433124 0.0014616048 0.0000442892 0.1981282830 4.5200018883 
<Mixture_197_COVAR>
0.8146154881 0.0013333552 0.0000470931 0.2566252947 4.2522702217 
<Mixture_198_COVAR>
0.8078470826 0.0014854516 0.0000308179 0.2687835991 3.9138467312 
<Mixture_199_COVAR>
0.9187202454 0.0013980789 0.0000249651 0.2581937313 3.6876783371 
<Mixture_200_COVAR>
0.3066540956 0.0023827108 0.0000281477 0.2138287872 60.3978843689 
<Mixture_201_COVAR>
0.3266531527 0.0018296784 0.0000242473 0.2347670645 50.9280738831 
<Mixture_202_COVAR>
0.3589147627 0.0019045880 0.0000206853 0.2830186188 22.2939281464 
<Mixture_203_COVAR>
0.3197874725 0.0019398796 0.0000198978 0.2748978436 20.1870155334 
<Mixture_204_COVAR>
0.3351114690 0.0022588805 0.0000170920 0.2259116471 32.1519393921 
<Mixture_205_COVAR>
0.3912388682 0.0017174453 0.0000171802 0.2620110810 29.4735221863 
<Mixture_206_COVAR>
0.6440052390 0.0019500039 0.0000166227 0.3040085733 24.3589630127 
<Mixture_207_COVAR>
0.6113303304 0.0016867344 0.0000145792 0.3092716038 20.1403198242 
<Mixture_208_COVAR>
1.3151656389 0.0025837573 0.0000211632 0.1743450314 1.4602789879 
<Mixture_209_COVAR>
2.1978032589 0.0022486083 0.0000192086 0.1893961728 1.7103899717 
<Mixture_210_COVAR>
1.3360117674 0.0015870396 0.0000177950 0.3092311025 3.5966434479 
<Mixture_211_COVAR>
1.8571856022 0.0016689405 0.0000194177 0.3469812870 3.3650734425 
<Mixture_212_COVAR>
1.1132372618 0.0015368634 0.0000109973 0.2597203851 9.3002977371 
<Mixture_213_COVAR>
1.1445317268 0.0015142224 0.0000104667 0.3199786246 9.5431222916 
<Mixture_214_COVAR>
1.3913593292 0.0021986987 0.0000074425 0.2878776193 18.2908248901 
<Mixture_215_COVAR>
1.3791614771 0.0020203111 0.0000063525 0.2691350579 18.6994285583 
<Mixture_216_COVAR>
3.6096851826 0.0018386028 0.0000150080 0.1676294655 1.1928019524 
<Mixture_217_COVAR>
39.3120765686 0.0025117686 0.0000751621 0.1875488907 1.9377225637 
<Mixture_218_COVAR>
4.9525938034 0.0015234119 0.0000140214 0.2170277983 1.9588629007 
<Mixture_219_COVAR>
5.4999618530 0.0016219504 0.0000095637 0.2148071676 1.7886254787 
<Mixture_220_COVAR>
2.8584711552 0.0015528288 0.0000067059 0.3252299428 4.0433802605 
<Mixture_221_COVAR>
4.4743938446 0.0015361464 0.0000092379 0.3679127395 4.5971503258 
<Mixture_222_COVAR>
3.9159836769 0.0014890105 0.0000067086 0.3027934134 8.4819679260 
<Mixture_223_COVAR>
3.9520552158 0.0013879238 0.0000054190 0.3081566393 8.1558876038 
<Mixture_224_COVAR>
0.4768691361 0.0024768703 0.0000271545 0.2660427690 187.4160614014 
<Mixture_225_COVAR>
0.4522236288 0.0015493650 0.0000179175 0.3141108453 98.3667755127 
<Mixture_226_COVAR>
0.5339415669 0.0014346302 0.0000137019 0.2932424247 101.4942092896 
<Mixture_227_COVAR>
0.5239256620 0.0010457305 0.0000127699 0.2772719264 78.9482955933 
<Mixture_228_COVAR>
1.4583019018 0.0012087703 0.0000413624 0.2850919664 182.0495300293 
<Mixture_229_COVAR>
1.0202029943 0.0011003618 0.0000236384 0.2416822612 121.5669708252 
<Mixture_230_COVAR>
5.1675438881 0.0048518660 0.0000928680 0.3726903796 365.8026428223 
<Mixture_231_COVAR>
1.5447115898 0.0018346715 0.0000201474 0.2088224143 163.2242736816 
<Mixture_232_COVAR>
0.5777616501 0.0022991903 0.0000100515 0.2847678363 50.1681900024 
<Mixture_233_COVAR>
0.6760914922 0.0018934067 0.0000099111 0.3168719113 51.9078788757 
<Mixture_234_COVAR>
0.8221573830 0.0018640211 0.0000083832 0.2925127447 78.3151245117 
<Mixture_235_COVAR>
0.8645621538 0.0017339127 0.0000071970 0.2550784647 75.4968109131 
<Mixture_236_COVAR>
0.9424471855 0.0017950584 0.0000080003 0.3413310945 55.1588439941 
<Mixture_237_COVAR>
0.9943001866 0.0015689087 0.0000080405 0.3547273576 53.1870651245 
<Mixture_238_COVAR>
1.1392549276 0.0016770619 0.0000073396 0.3929437101 99.3864669800 
<Mixture_239_COVAR>
1.3565098047 0.0018861663 0.0000069411 0.5393747091 238.6607971191 
<Mixture_240_COVAR>
1.5047169924 0.0019342152 0.0000048952 0.3162634373 56.3749275208 
<Mixture_241_COVAR>
1.6591597795 0.0018882017 0.0000049268 0.3449172378 68.8486862183 
<Mixture_242_COVAR>
2.4236328602 0.0018307359 0.0000044427 0.4025527835 34.7816772461 
<Mixture_243_COVAR>
2.2378160954 0.0016761190 0.0000039975 0.3917804956 37.9821090698 
<Mixture_244_COVAR>
2.2185664177 0.0017251900 0.0000033176 0.3228806853 44.5892944336 
<Mixture_245_COVAR>
2.6368851662 0.0014954743 0.0000035177 0.3371213973 50.1054649353 
<Mixture_246_COVAR>
4.0985860825 0.0016754520 0.0000034010 0.3744069040 36.2884292603 
<Mixture_247_COVAR>
3.8159415722 0.0015265163 0.0000029578 0.3647512496 35.9970054626 
<Mixture_248_COVAR>
2.8870928288 0.0014130328 0.0000056725 0.2864350677 185.6482696533 
<Mixture_249_COVAR>
3.0673277378 0.0014111423 0.0000049494 0.5246005654 149.1399536133 
<Mixture_250_COVAR>
3.3321168423 0.0010554275 0.0000035254 0.4440592229 121.9039993286 
<Mixture_251_COVAR>
3.4074950218 0.0010412870 0.0000036553 0.4371813536 109.9821853638 
<Mixture_252_COVAR>
30.4842662811 0.0031735299 0.0000349185 0.2861878276 475.7077941895 
<Mixture_253_COVAR>
32.2576179504 0.0017269178 0.0000285266 0.4547306597 456.5593872070 
<Mixture_254_COVAR>
4.8480315208 0.0013358848 0.0000025835 0.3890273571 116.7726287842 
<Mixture_255_COVAR>
6.8249659538 0.0012615224 0.0000026858 0.4783291519 171.9268341064 
<Mixture_WEIGTH>
0.0042824503 0.0036957278 0.0040950445 0.0050944546 0.0055712536 0.0043160352 0.0046644877 0.0058617936 0.0045215930 0.0053580762 0.0043819048 0.0059128450 0.0053578238 0.0048247813 0.0045780931 0.0069853510 0.0036554970 0.0054914425 0.0057142661 0.0045951558 0.0043497421 0.0030934040 0.0042695310 0.0062474669 0.0045347498 0.0024924092 0.0023077524 0.0038112113 0.0060865278 0.0023733133 0.0031097683 0.0051091881 0.0060542510 0.0034519008 0.0026173429 0.0020429255 0.0034476386 0.0019944496 0.0027038350 0.0048832754 0.0029580302 0.0042700605 0.0059106774 0.0033286498 0.0039016332 0.0044023138 0.0045428742 0.0056444765 0.0053899526 0.0042533400 0.0041293604 0.0042785034 0.0051932517 0.0040194467 0.0046603419 0.0064002406 0.0043765763 0.0026473801 0.0032351774 0.0048601432 0.0039131767 0.0029417027 0.0024140447 0.0037369323 0.0013323390 0.0020286138 0.0023947479 0.0025997877 0.0055009932 0.0061357250 0.0038751848 0.0042130020 0.0047850674 0.0045076027 0.0045756618 0.0042035594 0.0047272751 0.0046064230 0.0040136524 0.0069316048 0.0050515328 0.0058958828 0.0041933688 0.0034975142 0.0033113295 0.0030479080 0.0034302562 0.0040693786 0.0058904472 0.0041487110 0.0043259799 0.0024023145 0.0051955315 0.0043988200 0.0048816395 0.0070613525 0.0049917158 0.0045324555 0.0061604851 0.0043986300 0.0044185603 0.0056078928 0.0021259624 0.0032502189 0.0063794889 0.0044464227 0.0031308280 0.0048675295 0.0049312189 0.0034511080 0.0044087302 0.0059697712 0.0093226908 0.0061567877 0.0051990445 0.0043335590 0.0071735340 0.0067109773 0.0055458564 0.0063675856 0.0091321152 0.0062695141 0.0069900434 0.0098117320 0.0046520978 0.0033245613 0.0051807333 0.0072411820 0.0001181635 0.0002382201 0.0002035385 0.0002559758 0.0007673808 0.0025188501 0.0007132799 0.0014795318 0.0022113076 0.0015000980 0.0014672654 0.0016385264 0.0012286907 0.0011267964 0.0013288867 0.0012924732 0.0003141737 0.0002654039 0.0004368913 0.0003086528 0.0005758489 0.0002481072 0.0004195612 0.0003164191 0.0007321886 0.0005573075 0.0007303590 0.0008412033 0.0012139331 0.0006746629 0.0006779173 0.0008050151 0.0059995647 0.0041369558 0.0029658515 0.0033404832 0.0036747395 0.0027829250 0.0033684007 0.0041497373 0.0052887592 0.0023574117 0.0031878515 0.0032400247 0.0024101695 0.0020180792 0.0023254536 0.0034246063 0.0035473036 0.0030194859 0.0022809680 0.0021580441 0.0028876404 0.0023652290 0.0021178978 0.0029874123 0.0033468599 0.0020459620 0.0016919961 0.0017687166 0.0022840074 0.0016539096 0.0015328121 0.0023471026 0.0066270353 0.0043139188 0.0043513016 0.0050638034 0.0062890355 0.0038638024 0.0040247361 0.0057773297 0.0084920647 0.0059084790 0.0042767981 0.0052786148 0.0047965408 0.0038298839 0.0053653875 0.0071818717 0.0061154780 0.0047507393 0.0040131882 0.0033339050 0.0037312245 0.0032611266 0.0053989594 0.0073435488 0.0052652643 0.0024888574 0.0030203608 0.0032524040 0.0033347034 0.0025112624 0.0032276148 0.0041087838 0.0057310071 0.0039864266 0.0038442190 0.0044532805 0.0021165314 0.0034495417 0.0012678287 0.0031104819 0.0088379467 0.0058200485 0.0037233359 0.0041350606 0.0040203137 0.0037472022 0.0050902423 0.0071131922 0.0068305423 0.0055067870 0.0042362018 0.0045235450 0.0046231062 0.0040568481 0.0053391238 0.0066931634 0.0040943930 0.0032612875 0.0030119603 0.0034573441 0.0013382784 0.0011389889 0.0056634718 0.0062040430 